                        consumption
apartment_id monthyear             
1            102020        8.542694
             112020        8.524204
             12020         8.248728
             122020        8.523871
             22020         8.164190
             32020         8.088945
             42020         8.284585
             52020         8.237748
             62020         8.227119
             72020         8.528601
             82020         8.638734
             92020         8.087596
2            102020        8.442857
             112020        8.182497
             12020         8.302009
             122020        8.557089
             22020         8.516846
             32020         8.188358
             42020         8.435932
             52020         8.408915
             62020         8.097100
             72020         8.107761
             82020         8.325714
             92020         8.293194
3            102020        8.317440
             112020        8.669178
             12020         8.425112
             122020        8.135241
             22020         8.162429
             32020         8.169994
             42020         8.509030
             52020         8.496222
             62020         8.655814
             72020         8.509926
             82020         8.377505
             92020         7.816047
4            102020        8.184211
             112020        8.302419
             12020         8.253937
             122020        8.704797
             22020         7.772455
             32020         8.509434
             42020         7.898876
             52020         8.535849
             62020         9.012397
             72020         8.455882
             82020         8.682927
             92020         8.182711
5            102020        8.560556
             112020        7.865410
             12020         8.633504
             122020        8.556774
             22020         7.878492
             32020         8.224000
             42020         8.293597
             52020         8.431744
             62020         8.207177
             72020         8.873087
             82020         8.140595
             92020         8.492725
6            102020        8.157480
             112020        8.782077
             12020         8.676596
             122020        8.943249
             22020         9.579167
             32020         8.533066
             42020         8.229339
             52020         9.655238
             62020         8.474950
             72020         8.283662
             82020         8.023050
             92020         8.453668
7            102020        8.620148
             112020        8.499499
             12020         8.261419
             122020        8.090997
             22020         8.778867
             32020         7.963855
             42020         8.787850
             52020         7.868049
             62020         8.975198
             72020         8.080229
             82020         8.105111
             92020         8.743408
8            102020        8.285714
             112020        8.722105
             12020         8.478859
             122020        8.334305
             22020         8.622523
             32020         8.144636
             42020         8.460061
             52020         8.711538
             62020         8.475117
             72020         8.841851
             82020         8.411542
             92020         8.598214
9            102020        8.152929
             112020        8.708911
             12020         8.553232
             122020        8.451172
             22020         8.591093
             32020         8.317913
             42020         8.667650
             52020         8.405432
             62020         7.572874
             72020         8.501934
             82020         8.093842
             92020         8.979371
10           102020        8.346784
             112020        8.274746
             12020         8.095446
             122020        8.909441
             22020         8.185108
             32020         8.575933
             42020         8.043360
             52020         8.149396
             62020         8.416230
             72020         7.966359
             82020         8.065740
             92020         8.226685
11           102020        8.075562
             112020        7.901869
             12020         8.497107
             122020        8.182651
             22020         8.065036
             32020         8.402415
             42020         8.019307
             52020         8.395944
             62020         8.499500
             72020         8.058204
             82020         8.150507
             92020         8.403332
12           102020        8.351325
             112020        7.999493
             12020         8.439349
             122020        8.599226
             22020         8.296029
             32020         8.229420
             42020         8.402947
             52020         8.508021
             62020         8.069066
             72020         8.310714
             82020         7.988462
             92020         8.232511
13           102020        8.220941
             112020        8.276575
             12020         8.196624
             122020        8.234414
             22020         8.217158
             32020         8.042638
             42020         8.659815
             52020         7.980420
             62020         8.224736
             72020         8.344948
             82020         8.495243
             92020         8.430424
14           102020        8.391904
             112020        8.104743
             12020         8.137597
             122020        8.515094
             22020         8.735206
             32020         8.322797
             42020         8.441815
             52020         8.006938
             62020         8.419125
             72020         8.194112
             82020         9.137606
             92020         8.535714
15           102020        8.466731
             112020        8.081349
             12020         8.071360
             122020        8.165510
             22020         8.307466
             32020         8.791498
             42020         8.292949
             52020         8.408560
             62020         7.970796
             72020         8.731256
             82020         8.231299
             92020         8.411306
16           102020        7.983366
             112020        8.408519
             12020         9.267233
             122020        8.381592
             22020         8.324662
             32020         9.066855
             42020         8.082412
             52020         8.397072
             62020         8.079581
             72020         8.522275
             82020         8.343444
             92020         8.717822
17           102020        8.195567
             112020        8.468159
             12020         8.331845
             122020        8.273183
             22020         8.105512
             32020         8.431244
             42020         8.508024
             52020         8.241480
             62020         8.348326
             72020         8.132836
             82020         8.138849
             92020         8.482980
18           102020        8.387464
             112020        9.083576
             12020         8.404806
             122020        8.602374
             22020         8.115222
             32020         8.732645
             42020         8.439846
             52020         8.056232
             62020         8.463897
             72020         8.616534
             82020         8.479961
             92020         8.111558
19           102020        8.221580
             112020        8.436364
             12020         8.197556
             122020        8.897233
             22020         8.529070
             32020         8.935743
             42020         9.474104
             52020         8.367537
             62020         7.873134
             72020         9.371373
             82020         8.365112
             92020         9.000000
20           102020        8.636534
             112020        8.107505
             12020         8.543638
             122020        8.616922
             22020         8.152460
             32020         8.310930
             42020         8.409639
             52020         7.968133
             62020         8.277741
             72020         7.928062
             82020         8.559333
             92020         8.676707
