                                 consumption  apartment_id
type                  monthyear                           
Dishwasher            102020       15.000000     10.745509
                      112020       15.000000     10.474006
                      12020        15.000000     10.515419
                      122020       15.000000     10.569187
                      22020        15.000000     10.649254
                      32020        15.000000     10.521045
                      42020        15.000000     10.505311
                      52020        15.000000     10.410740
                      62020        15.000000     10.701062
                      72020        15.000000     10.796131
                      82020        15.000000     10.737216
                      92020        15.000000     10.654192
Hydractiva_shower     102020       29.232877     10.426941
                      112020       31.208782     10.369511
                      12020        29.795472     10.464481
                      122020       30.419782     10.471184
                      22020        29.995716     10.505570
                      32020        30.553208     10.719875
                      42020        30.168413     10.540693
                      52020        30.016051     10.483949
                      62020        30.480000     10.560000
                      72020        30.125786     10.428459
                      82020        30.244817     10.493620
                      92020        30.890476     10.501587
Kitchen_optima_faucet 102020        5.070019     10.541943
                      112020        5.058185     10.570216
                      12020         5.110382     10.481134
                      122020        5.083775     10.539323
                      22020         5.038575     10.658350
                      32020         5.061640     10.556461
                      42020         5.082703     10.568571
                      52020         5.065553     10.539114
                      62020         5.065521     10.639330
                      72020         5.132314     10.551296
                      82020         5.072400     10.523602
                      92020         5.147708     10.553143
Optima_faucet         102020        6.217573     10.602606
                      112020        6.213186     10.553902
                      12020         6.213042     10.561179
                      122020        6.252428     10.427500
                      22020         6.243360     10.555285
                      32020         6.169176     10.500684
                      42020         6.234255     10.539087
                      52020         6.251910     10.659616
                      62020         6.191185     10.509625
                      72020         6.224059     10.491518
                      82020         6.274065     10.462178
                      92020         6.232514     10.434095
Washing_machine       102020       50.170828     10.555848
                      112020       49.831697     10.626928
                      12020        50.103226     10.601290
                      122020       49.922879     10.457584
                      22020        49.545455     10.524927
                      32020        49.629630     11.105820
                      42020        49.906915     10.565160
                      52020        50.185923     10.189907
                      62020        49.377537     10.353180
                      72020        50.616438     10.308219
                      82020        49.852547     10.630027
                      92020        50.252454     10.938289
